0301    11   62.849998     8   58.850750   -6.664251   18.579903    0.299511    0.009503    0.093501    1.225621e-06    1.203613    2.197266e-09    0.164764
0301    11   64.050003     8   60.000751   -6.624250   18.939400    0.299452    0.011341    0.093483    5.326234e-06    1.203613    2.197266e-09    0.164764
0301    11   65.250000     8   61.150753   -6.577250   19.299400    0.299384    0.013177    0.093462    3.667548e-06    1.203613    2.197266e-09    0.164764
0302    11   67.849998     8   63.650753   -6.452749   20.081398    0.299147    0.016875    0.093579    5.485490e-07    1.208496    2.685547e-09    0.164764
0302    11   69.150002     8   64.800751   -6.384748   20.441399    0.299048    0.018710    0.093548    2.350658e-06    1.208496    2.685547e-09    0.164764
0302    11   70.349998     8   65.950752   -6.310251   20.801399    0.298976    0.019932    0.093526    3.276393e-06    1.208496    2.685547e-09    0.164764
0303    11   72.949997     8   68.450745   -6.125750   21.583900    0.298720    0.023591    0.093446    4.754402e-06    1.208496    2.685547e-09    0.164703
0303    11   74.150002     8   69.600746   -6.030748   21.942894    0.298756    0.025433    0.092844    2.322719e-06    1.208496    2.685547e-09    0.164703
0303    11   75.349998     8   70.750748   -5.928751   22.301399    0.298551    0.027308    0.092971    1.722015e-06    1.208496    2.685547e-09    0.164703
0304    11   77.949997     8   73.250748   -5.684247   23.081902    0.298213    0.030955    0.092866    3.591180e-06    1.208496    2.685547e-09    0.164703
0304    11   79.150002     8   74.400749   -5.561750   23.440895    0.298036    0.032775    0.092811    2.885237e-06    1.213379    2.685547e-09    0.164703
0304    11   80.449997     8   75.550751   -5.432249   23.800400    0.297852    0.034049    0.092944    2.665445e-06    1.213379    3.173828e-09    0.164703
0305    11   83.050003     8   78.050743   -5.129251   24.580894    0.297453    0.037679    0.092820    1.511537e-06    1.213379    3.173828e-09    0.164703
0305    11   84.250000     8   79.200745   -4.980249   24.940399    0.297163    0.039560    0.092921    1.063570e-06    1.213379    3.173828e-09    0.164703
0305    11   85.449997     8   80.350746   -4.824750   25.299896    0.297014    0.040767    0.092874    7.869676e-07    1.213379    3.173828e-09    0.164703
0306    11   88.150002     8   82.850250   -4.463251   26.080894    0.296477    0.044456    0.092898    2.656132e-06    1.218262    3.173828e-09    0.164642
0306    11   89.349998     8   84.000748   -4.286249   26.440399    0.296396    0.046283    0.092260    1.511537e-06    1.218262    3.173828e-09    0.164642
0306    11   90.550003     8   85.150749   -4.102750   26.799400    0.296136    0.048080    0.092179    8.922070e-07    1.218262    3.173828e-09    0.164642
0307    11   93.250000     8   87.650253   -3.680249   27.578896    0.295503    0.051751    0.092173    4.401430e-06    1.223145    3.173828e-09    0.164642
0307    11   94.449997     8   88.800751   -3.474748   27.937897    0.295143    0.053634    0.092251    8.633360e-07    1.223145    3.662109e-09    0.164642
0307    11   95.650002     8   89.950256   -3.262250   28.297401    0.294843    0.055417    0.092157    4.814938e-07    1.223145    3.662109e-09    0.164642
0308    11   98.349998     8   92.450249   -2.776750   29.079895    0.294053    0.059179    0.092294    2.675690e-06    1.228027    3.662109e-09    0.164642
0308    11   99.550003     8   93.600250   -2.542748   29.440887    0.293724    0.060950    0.092191    1.940876e-06    1.228027    3.662109e-09    0.164642
0308    11  100.750000     8   94.750252   -2.300748   29.802391    0.293308    0.062830    0.092252    1.320615e-06    1.228027    3.662109e-09    0.164581
0309    11  103.849998     8   97.650749   -1.658250   30.716888    0.292320    0.067175    0.092328    1.016073e-06    1.232910    3.662109e-09    0.164581
0309    11  105.150002     8   98.800255   -1.391248   31.080391    0.291948    0.068928    0.092210    4.535541e-07    1.237793    3.662109e-09    0.164581
0309    11  106.349998     8   99.950256   -1.117249   31.444389    0.291612    0.070220    0.092298    1.206994e-06    1.237793    3.662109e-09    0.164581
0310    11  109.449997     8  102.850746   -0.392747   32.364395    0.290374    0.075123    0.092294    3.409572e-06    1.242676    4.150391e-09    0.164581
0310    11  110.750000     8  104.000252   -0.092747   32.729889    0.290101    0.076278    0.092207    2.589077e-06    1.242676    4.150391e-09    0.164581
0310    11  111.949997     8  105.150253    0.214752   33.095886    0.289593    0.078144    0.092241    2.923422e-06    1.247559    4.150391e-09    0.164581
0311    11  115.150002     8  108.050743    1.020751   34.021393    0.288383    0.082439    0.092246    1.797453e-06    1.247559    4.150391e-09    0.164581
0311    11  116.349998     8  109.200745    1.352252   34.387890    0.288250    0.083626    0.091591    9.490177e-07    1.252441    4.150391e-09    0.164581
0311    11  117.650002     8  110.350746    1.690753   34.755390    0.287699    0.085482    0.091610    8.349307e-06    1.252441    4.150391e-09    0.164520
0312    11  120.849998     8  113.250748    2.577751   35.684891    0.286124    0.089855    0.092308    3.629364e-06    1.262207    4.638672e-09    0.164520
0312    11  122.050003     8  114.400749    2.943252   36.055393    0.285640    0.091540    0.092152    1.178123e-06    1.262207    4.638672e-09    0.164520
0312    11  123.349998     8  115.550751    3.316753   36.425892    0.285205    0.093434    0.091596    1.549721e-06    1.262207    4.638672e-09    0.164520
0313    11  126.550003     8  118.450745    4.293251   37.362892    0.283679    0.097831    0.091697    1.216307e-06    1.271973    4.638672e-09    0.164520
0313    11  127.849998     8  119.600746    4.694252   37.735893    0.283043    0.099663    0.091690    8.633360e-07    1.271973    4.638672e-09    0.164520
0313    11  129.149994     8  120.750748    5.103252   38.108891    0.282396    0.101491    0.091679    2.084300e-06    1.276855    4.638672e-09    0.164520
0314    11  134.550003     8  125.246750    6.778252   39.576393    0.279881    0.108212    0.091659    4.039146e-06    2.185059    5.126953e-09    0.164459
0314    11  136.750000     8  127.196747    7.541752   40.216892    0.278864    0.110748    0.091728    5.726703e-06    2.194824    5.126953e-09    0.164459
0315    11  139.050003     8  129.196762    8.348755   40.876892    0.277616    0.113807    0.091721    1.702458e-06    2.204590    5.126953e-09    0.164459
0316    11  141.350006     8  131.197250    9.181751   41.540390    0.276192    0.116792    0.092268    1.092441e-05    2.214355    5.126953e-09    0.164459
0317    11  143.550003     8  133.197250   10.040752   42.207893    0.274884    0.119821    0.092241    7.377006e-06    2.224121    5.126953e-09    0.164398
0318    11  145.850006     8  135.197250   10.924252   42.878391    0.273547    0.122836    0.092204    1.226924e-05    2.233887    5.126953e-09    0.164398
0319    11  148.149994     8  137.197250   11.833252   43.552391    0.272394    0.125320    0.092228    6.441958e-06    2.243652    5.615234e-09    0.164398
0320    11  150.449997     8  139.197250   12.767754   44.229893    0.271016    0.128311    0.092176    3.323890e-06    2.258301    5.615234e-09    0.164398
0321    11  152.850006     8  141.197250   13.729752   44.911892    0.269449    0.131506    0.092268    2.532266e-06    2.268066    5.615234e-09    0.164337
0322    11  155.149994     8  143.197250   14.720253   45.597393    0.267998    0.134458    0.092191    1.355633e-05    2.282715    5.615234e-09    0.164337
0323    11  157.550003     8  145.197250   15.739255   46.287392    0.266133    0.138120    0.092182    2.350658e-06    2.297363    5.615234e-09    0.164337
0324    11  159.850006     8  147.197250   16.789753   46.981892    0.264444    0.141262    0.092234    3.009103e-06    2.312012    5.615234e-09    0.164337
0325    11  162.250000     8  149.197250   17.870754   47.680893    0.262913    0.144159    0.092127    2.999790e-06    2.326660    6.103515e-09    0.164337
0326    11  164.649994     8  151.197250   18.981754   48.384392    0.261410    0.146794    0.092244    3.371388e-06    2.341309    6.103515e-09    0.164337
0327    11  167.050003     8  153.197250   20.122253   49.092392    0.259624    0.149889    0.092263    1.192559e-05    2.355957    6.103515e-09    0.164276
0328    11  169.550003     8  155.197754   21.294254   49.805893    0.257569    0.153439    0.092186    4.649162e-06    2.375488    6.103515e-09    0.164276
0329    11  171.949997     8  157.197754   22.499254   50.525391    0.255962    0.156029    0.092269    5.478971e-06    2.390137    6.103515e-09    0.164276
0330    11  174.449997     8  159.197754   23.735754   51.249893    0.254087    0.159072    0.092256    3.438443e-06    2.409668    6.591797e-09    0.164276
0331    11  176.949997     8  161.197754   25.004255   51.979393    0.252168    0.162086    0.092227    1.019984e-05    2.424316    6.591797e-09    0.164215
0332    11  179.449997     8  163.197754   26.305756   52.714893    0.250230    0.165084    0.092190    6.346963e-06    2.443848    6.591797e-09    0.164215
0333    11  181.949997     8  165.197754   27.641256   53.455391    0.248249    0.168050    0.092137    3.667548e-06    2.463379    6.591797e-09    0.164215
0334    11  184.550003     8  167.197754   29.012257   54.201393    0.246015    0.171261    0.092217    2.093613e-06    2.482910    6.591797e-09    0.164215
0335    11  187.050003     8  169.197754   30.420755   54.953892    0.243982    0.174185    0.092144    3.762543e-06    2.507324    6.591797e-09    0.164215
0336    11  189.649994     8  171.198257   31.866257   55.713394    0.241661    0.177341    0.092193    4.801899e-06    2.526855    7.080078e-09    0.164215
0337    11  192.350006     8  173.198257   33.350754   56.480392    0.239567    0.180210    0.092094    6.699935e-06    2.551270    7.080078e-09    0.164154
0338    11  194.949997     8  175.198257   34.874756   57.254887    0.237456    0.182917    0.092225    2.399087e-06    2.575684    7.080078e-09    0.164154
0339    11  197.649994     8  177.198257   36.437756   58.037384    0.235027    0.185999    0.092234    1.664273e-06    2.604980    7.080078e-09    0.164154
0340    11  200.350006     8  179.198257   38.041256   58.827885    0.232562    0.189052    0.092228    2.311263e-05    2.629395    7.080078e-09    0.164093
0341    11  203.050003     8  181.198257   39.685757   59.625385    0.230061    0.192075    0.092208    2.465211e-06    2.653809    7.568359e-09    0.164093
0342    11  205.750000     8  183.198761   41.377754   60.432384    0.227536    0.195074    0.092178    2.646819e-06    2.687988    7.568359e-09    0.164093
0343    11  208.550003     8  185.198761   43.117256   61.249886    0.224977    0.198041    0.092133    2.779998e-06    2.717285    7.568359e-09    0.164093
0344    11  211.449997     8  187.198761   44.903255   62.075886    0.222081    0.201251    0.092202    2.779998e-06    2.751465    7.568359e-09    0.164093
0345    11  214.250000     8  189.198761   46.738255   62.911385    0.219443    0.204140    0.092123    5.116686e-06    2.785645    8.056641e-09    0.164093
0345    11  215.149994     8  190.485260   47.944756   63.453884    0.217661    0.206028    0.092146   -3.669411e-07    0.905762    8.056641e-09    0.164093
0714    16  257.049988     8  -91.536469  -95.072281   18.785904    0.041762   -0.029703    0.103275   -1.204945e-05    4.934082    2.923527e-08   -0.527252
0714    16  257.250000     8  -90.592522  -95.692322   21.058907    0.042725   -0.028437    0.103226   -1.005828e-07    0.144043    2.923527e-08   -0.527252
0715    16  262.250000     8  -89.139427  -96.607491   24.520409    0.044313   -0.025714    0.103254   -6.414019e-06    2.438965    2.972356e-08   -0.527374
0715    16  263.250000     8  -88.459610  -96.989006   26.091408    0.045140   -0.024632    0.103154   -2.379529e-06    1.071777    2.972356e-08   -0.527374
0714    16  271.549988     8  -85.948883  -98.231300   31.752411    0.046463   -0.020194    0.103485   -3.098976e-05    4.875488    3.021184e-08   -0.527802
0714    16  276.350006     8  -83.954926  -99.021667   36.130905    0.047682   -0.017528    0.103377   -1.142081e-05    4.875488    3.021184e-08   -0.527924
0714    16  281.250000     8  -81.917992  -99.700592   40.507908    0.048720   -0.014759    0.103303   -1.778174e-05    4.875488    3.070012e-08   -0.528107
0714    16  286.149994     8  -79.835724 -100.255005   44.881409    0.049592   -0.011381    0.103231   -7.505901e-05    4.875488    3.070012e-08   -0.528900
0714    16  287.350006     8  -78.520973 -100.511780   47.593407    0.049938   -0.008986    0.103232   -2.322719e-06    1.174316    3.118840e-08   -0.528900
0714    16  292.149994     8  -77.203247 -100.741417   50.305908    0.050342   -0.006895    0.103186   -1.098216e-05    4.875488    3.118840e-08   -0.529022
0714    16  297.049988     8  -75.058380 -100.969398   54.678410    0.050632   -0.003693    0.103180   -2.152938e-05    4.875488    3.167668e-08   -0.529266
0714    16  298.049988     8  -73.768372 -101.019051   57.298409    0.050741   -0.001688    0.103156   -2.160668e-06    0.964355    3.167668e-08   -0.529266
0713    16  313.450012     8  -67.388298 -100.648430   70.309410    0.050083    0.007504    0.103151   -7.176772e-06    2.873535    3.216496e-08   -0.529755
0713    16  314.450012     8  -66.549667 -100.503883   72.044907    0.049777    0.008734    0.103197   -2.446584e-06    0.993652    3.265324e-08   -0.529755
0713    16  317.350006     8  -65.711571 -100.353249   73.780907    0.049544    0.010153    0.103162   -1.519732e-05    2.873535    3.265324e-08   -0.529938
0713    16  318.350006     8  -64.870079 -100.164734   75.537407    0.049303    0.011568    0.103112   -3.676862e-06    1.037598    3.265324e-08   -0.529938
0713    16  321.250000     8  -64.033058  -99.964981   77.295410    0.048718    0.012890    0.103205   -3.058929e-05    2.873535    3.265324e-08   -0.530304
0713    16  322.049988     8  -63.250702  -99.742912   78.957909    0.048212    0.014231    0.103238   -7.105991e-07    0.827637    3.265324e-08   -0.530304
0712    16  330.450012     8  -60.225796  -98.688622   85.545906    0.046488    0.018858    0.103254   -5.393289e-06    2.873535    3.314152e-08   -0.530487
0712    16  330.750000     8  -59.590195  -98.414726   86.967407    0.046047    0.019889    0.103253   -3.669411e-07    0.285645    3.314152e-08   -0.530487
0712    16  333.649994     8  -58.955711  -98.140755   88.389412    0.045601    0.020917    0.103242   -5.298294e-06    2.873535    3.362981e-08   -0.530548
0712    16  333.950012     8  -58.321697  -97.833618   89.837410    0.045232    0.022122    0.103147   -8.251518e-07    0.344238    3.362981e-08   -0.530548
0712    16  336.850006     8  -57.686180  -97.523872   91.283913    0.044698    0.022967    0.103190    9.723008e-06    2.873535    3.362981e-08   -0.530670
0712    16  337.049988     8  -57.085331  -97.198166   92.681908    0.044239    0.023987    0.103144   -3.669411e-07    0.236816    3.362981e-08   -0.530670
0711    16  344.649994     8  -54.732906  -95.815659   98.292412    0.042422    0.026628    0.103226    6.022863e-06    2.873535    3.411809e-08   -0.530914
0711    16  344.649994     8  -54.204391  -95.467232   99.597412    0.041870    0.027465    0.103226   -1.098961e-07    0.026855    3.411809e-08   -0.530914
0711    16  347.549988     8  -53.675076  -95.120430  100.901909    0.041136    0.028422    0.103257    8.702278e-06    2.873535    3.411809e-08   -0.530975
0711    16  347.549988     8  -53.157921  -94.748695  102.215408    0.040657    0.029425    0.103160   -1.955777e-07    0.046387    3.411809e-08   -0.530975
0711    16  348.950012     8  -52.894993  -94.559296  102.881912    0.040376    0.029839    0.103146   -1.693144e-06    1.437988    3.411809e-08   -0.531036
0711    16  350.450012     8  -52.394131  -94.182777  104.168907    0.039812    0.030666    0.103117   -3.991649e-06    1.423340    3.411809e-08   -0.531036
0710    16  357.450012     8  -50.245758  -92.396675  109.900909    0.037368    0.033609    0.103080    9.617768e-06    2.731934    3.460637e-08   -0.531342
0710    16  360.149994     8  -49.371944  -91.580193  112.356911    0.036046    0.034897    0.103095    2.280716e-05    2.731934    3.460637e-08   -0.531525
0710    16  362.850006     8  -48.532806  -90.736763  114.800415    0.034715    0.036177    0.103083    9.579584e-06    2.702637    3.509465e-08   -0.531647
0709    16  369.649994     8  -46.574322  -88.516563  120.881409    0.031794    0.039171    0.102886    4.639849e-06    2.639160    3.509465e-08   -0.531891
0709    16  372.250000     8  -45.860771  -87.604668  123.249413    0.030356    0.040263    0.102893    5.841255e-06    2.629395    3.558293e-08   -0.531952
0709    16  374.850006     8  -45.178387  -86.670731  125.608414    0.029102    0.041228    0.102862    4.973263e-06    2.624512    3.558293e-08   -0.532013
0708    16  381.450012     8  -43.604973  -84.230507  131.529907    0.025656    0.043765    0.102692    9.351410e-06    2.590332    3.607121e-08   -0.532257
0708    16  384.049988     8  -43.042164  -83.228691  133.853424    0.023997    0.044920    0.102583    6.699935e-06    2.595215    3.607121e-08   -0.532318
0708    16  386.649994     8  -42.514973  -82.204582  136.176910    0.022632    0.045685    0.102544    4.172325e-06    2.590332    3.607121e-08   -0.532379
0707    16  392.250000     8  -41.477337  -79.916336  141.235413    0.019407    0.047247    0.102470    7.557683e-06    2.604980    3.655949e-08   -0.532501
0707    16  394.850006     8  -41.054508  -78.831978  143.564911    0.017281    0.048485    0.102266    5.021691e-06    2.600098    3.655949e-08   -0.532562
0707    16  397.549988     8  -40.678013  -77.720863  145.892914    0.015709    0.048899    0.102305    1.019984e-05    2.609863    3.655949e-08   -0.532684
0706    16  403.250000     8  -39.981331  -75.235184  151.033417    0.011861    0.049845    0.102333    5.917624e-06    2.673340    3.704777e-08   -0.532867
0706    16  406.049988     8  -39.719585  -74.057823  153.440918    0.010082    0.050325    0.102278    5.679205e-06    2.712402    3.704777e-08   -0.532928
0706    16  408.750000     8  -39.499401  -72.856461  155.874908    0.008499    0.050696    0.102228    9.637326e-06    2.736816    3.753606e-08   -0.533051
0705    16  414.850006     8  -39.161777  -70.168678  161.264923    0.004425    0.051217    0.102180    1.168717e-05    2.795410    3.753606e-08   -0.533295
0705    16  414.850006     8  -39.119949  -69.535225  162.523926    0.003428    0.051275    0.102178   -3.352761e-08    0.021973    3.753606e-08   -0.533295
0705    16  417.649994     8  -39.075649  -68.890495  163.808411    0.002431    0.051330    0.102168    1.460593e-05    2.849121    3.802434e-08   -0.533478
0705    16  417.750000     8  -39.058136  -68.244164  165.093903    0.001627    0.051288    0.102188   -1.490116e-08    0.026855    3.802434e-08   -0.533478
0705    16  420.549988     8  -39.035572  -67.592072  166.390411    0.000630    0.051338    0.102168    8.187257e-06    2.873535    3.802434e-08   -0.533539
0705    16  420.649994     8  -39.040142  -66.932991  167.700409   -0.000173    0.051295    0.102186   -1.490116e-08    0.056152    3.802434e-08   -0.533539
0704    16  427.049988     8  -39.115253  -64.691086  172.167908   -0.003275    0.051254    0.102132    4.925765e-06    2.873535    3.851262e-08   -0.533722
0704    16  427.250000     8  -39.175743  -64.000870  173.548401   -0.003886    0.051113    0.102176   -9.685755e-07    0.212402    3.851262e-08   -0.533722
0704    16  430.149994     8  -39.228180  -63.310688  174.928925   -0.004804    0.050896    0.102233   -7.796101e-06    2.873535    3.851262e-08   -0.533844
0704    16  430.450012     8  -39.311005  -62.608150  176.340424   -0.005798    0.050921    0.102164   -7.199124e-07    0.280762    3.851262e-08   -0.533844
0704    16  433.250000     8  -39.390167  -61.904263  177.751923   -0.006599    0.050856    0.102136   -8.902512e-06    2.873535    3.851262e-08   -0.533905
0704    16  433.649994     8  -39.500961  -61.186157  179.200409   -0.007707    0.050716    0.102123   -5.010515e-07    0.368652    3.851262e-08   -0.533905
0703    16  440.450012     8  -39.961117  -58.731174  184.167908   -0.011257    0.049941    0.102147   -7.348135e-06    2.873535    3.900090e-08   -0.534149
0703    16  441.149994     8  -40.152702  -57.967007  185.737427   -0.012358    0.049778    0.102088   -4.477799e-06    0.637207    3.900090e-08   -0.534149
0703    16  443.950012     8  -40.345581  -57.202080  187.308929   -0.013457    0.049611    0.102019   -6.690621e-06    2.873535    3.900090e-08   -0.534271
0703    16  444.750000     8  -40.577682  -56.415096  188.940430   -0.014673    0.049279    0.102007   -1.168810e-06    0.778809    3.948918e-08   -0.534271
0703    16  447.649994     8  -40.814980  -55.625107  190.574921   -0.015794    0.049190    0.101877   -3.667548e-06    2.873535    3.948918e-08   -0.534271
0703    16  448.549988     8  -41.095394  -54.810802  192.279419   -0.017009    0.048849    0.101846   -1.330860e-06    0.944824    3.948918e-08   -0.534332
0702    16  467.549988     8  -44.904034  -47.272556  209.101013   -0.029238    0.042205    0.101864   -2.837740e-06    1.120605    4.046574e-08   -0.535370
0801     6   66.849998     8  -57.361229  -18.350927   27.102402   -0.265115   -0.130748    0.134020    2.952293e-06    1.262207    2.197266e-09    0.185089
0801     6   68.150002     8  -58.391983  -18.864624   27.624405   -0.264252   -0.132438    0.134064    1.531094e-06    1.267090    2.685547e-09    0.185089
0801     6   69.449997     8  -59.420162  -19.383766   28.146904   -0.263380   -0.134125    0.134104    2.035871e-06    1.262207    2.685547e-09    0.185089
0802     6   72.150002     8  -61.642975  -20.533741   29.282410   -0.261606   -0.137487    0.134170    1.826324e-06    1.262207    2.685547e-09    0.185089
0802     6   73.449997     8  -62.660152  -21.071936   29.804405   -0.260694   -0.139156    0.134190    2.284534e-06    1.262207    2.685547e-09    0.185089
0802     6   74.650002     8  -63.673401  -21.615940   30.326904   -0.259871   -0.140894    0.133973    1.206994e-06    1.262207    2.685547e-09    0.185028
0803     6   77.449997     8  -65.865204  -22.819603   31.459908   -0.258337   -0.143664    0.133999    7.962808e-07    1.262207    2.685547e-09    0.185028
0803     6   78.650002     8  -66.868385  -23.382048   31.980408   -0.257404   -0.145320    0.134008    1.435168e-06    1.262207    2.685547e-09    0.185028
0803     6   79.949997     8  -67.868073  -23.950554   32.500908   -0.256669   -0.147089    0.133487    1.063570e-06    1.262207    2.685547e-09    0.185028
0804     6   82.650002     8  -70.029633  -25.206615   33.631405   -0.254553   -0.150258    0.134008    7.394701e-07    1.262207    3.173828e-09    0.185028
0804     6   83.949997     8  -71.018814  -25.793308   34.151905   -0.253908   -0.151350    0.134003    1.492910e-06    1.262207    3.173828e-09    0.185028
0804     6   85.250000     8  -72.004494  -26.386063   34.672905   -0.252924   -0.152975    0.133984    8.251518e-07    1.262207    3.173828e-09    0.185028
0805     6   87.949997     8  -74.135796  -27.694515   35.805408   -0.250952   -0.156222    0.133946    5.103648e-07    1.262207    3.173828e-09    0.185028
0805     6   89.250000     8  -75.110977  -28.305458   36.326408   -0.250488   -0.157426    0.133403    6.156042e-07    1.262207    3.173828e-09    0.185028
0805     6   90.449997     8  -76.083160  -28.921595   36.846909   -0.249483   -0.159038    0.133374    1.034699e-06    1.262207    3.173828e-09    0.185028
0806     6   93.250000     8  -78.185226  -30.280712   37.978405   -0.247141   -0.162084    0.134066    5.316921e-06    1.262207    3.173828e-09    0.185028
0806     6   94.449997     8  -79.147148  -30.914604   38.499409   -0.246101   -0.163671    0.134017    3.037974e-06    1.267090    3.662109e-09    0.185028
0806     6   95.750000     8  -80.105331  -31.554989   39.021408   -0.245410   -0.164730    0.133986    4.849397e-06    1.267090    3.662109e-09    0.184967
0807     6   98.550003     8  -82.177147  -32.966499   40.156906   -0.243200   -0.167870    0.134118    1.072884e-06    1.267090    3.662109e-09    0.184967
0807     6   99.750000     8  -83.124580  -33.625507   40.679405   -0.242141   -0.169442    0.134058    1.654960e-06    1.267090    3.662109e-09    0.184967
0807     6  101.050003     8  -84.068756  -34.290142   41.202408   -0.241074   -0.171007    0.133994    1.158565e-06    1.267090    3.662109e-09    0.184967
0808     6  103.849998     8  -86.110069  -35.754478   42.339909   -0.239145   -0.173580    0.134108    1.826324e-06    1.271973    3.662109e-09    0.184967
0808     6  105.050003     8  -87.043495  -36.437733   42.863907   -0.238057   -0.175128    0.134031    1.301989e-06    1.271973    3.662109e-09    0.184967
0808     6  106.349998     8  -87.973679  -37.126617   43.388409   -0.236963   -0.176667    0.133950    3.466383e-06    1.271973    3.662109e-09    0.184967
0809     6  109.550003     8  -90.303650  -38.890987   44.713905   -0.234249   -0.180229    0.133979    4.339963e-07    1.271973    4.150391e-09    0.184967
0809     6  110.849998     8  -91.221832  -39.600658   45.238907   -0.233504   -0.181240    0.133915    2.246350e-06    1.271973    4.150391e-09    0.184967
0809     6  112.150002     8  -92.136757  -40.315952   45.764908   -0.232242   -0.182754    0.134051    8.251518e-07    1.276855    4.150391e-09    0.184967
0810     6  115.349998     8  -94.427727  -42.147865   47.091908   -0.229624   -0.186401    0.133504    5.485490e-07    1.276855    4.150391e-09    0.184967
0810     6  116.650002     8  -95.329910  -42.885246   47.618908   -0.228477   -0.187887    0.133390    1.693144e-06    1.281738    4.150391e-09    0.184967
0810     6  117.849998     8  -96.228149  -43.628441   48.145908   -0.227173   -0.189380    0.133505    1.273118e-06    1.281738    4.150391e-09    0.184967
0811     6  121.150002     8  -98.477814  -45.532917   49.476906   -0.224290   -0.192809    0.133437    1.387671e-06    1.281738    4.638672e-09    0.184906
0811     6  122.449997     8  -99.363052  -46.298630   50.005409   -0.223114   -0.194260    0.133303    2.932735e-06    1.286621    4.638672e-09    0.184906
0811     6  123.650002     8 -100.245239  -47.070648   50.534409   -0.222167   -0.195247    0.133443    2.198853e-06    1.286621    4.638672e-09    0.184906
0812     6  126.949997     8 -102.454895  -49.044411   51.868908   -0.219225   -0.198615    0.133338    1.502223e-06    1.291504    4.638672e-09    0.184906
0812     6  128.250000     8 -103.324387  -49.837402   52.398907   -0.218031   -0.200224    0.132890    1.092441e-06    1.291504    4.638672e-09    0.184906
0812     6  129.550003     8 -104.191071  -50.636269   52.928410   -0.217226   -0.201165    0.132786    1.206994e-06    1.291504    4.638672e-09    0.184906
0813     6  132.850006     8 -106.361473  -52.678009   54.267406   -0.214031   -0.204489    0.132861    3.695488e-06    1.296387    4.638672e-09    0.184906
0813     6  134.149994     8 -107.215721  -53.497414   54.798409   -0.213216   -0.205413    0.132748    5.278736e-06    1.296387    4.638672e-09    0.184906
0813     6  135.449997     8 -108.066895  -54.323132   55.329906   -0.211797   -0.206821    0.132798    1.378357e-06    1.301270    5.126953e-09    0.184845
0814     6  140.949997     8 -111.358437  -57.612030   57.418407   -0.206681   -0.211926    0.132810    1.445413e-06    2.214355    5.126953e-09    0.184845
0814     6  143.149994     8 -112.768433  -59.069836   58.329407   -0.204813   -0.213752    0.132777    2.732500e-06    2.224121    5.126953e-09    0.184845
0815     6  145.449997     8 -114.203239  -60.584686   59.266907   -0.202504   -0.215991    0.132661    5.612150e-06    2.229004    5.126953e-09    0.184845
0816     6  147.750000     8 -115.626793  -62.119026   60.206409   -0.199978   -0.218269    0.132764    2.475455e-06    2.233887    5.126953e-09    0.184845
0817     6  150.050003     8 -117.038589  -63.673714   61.148407   -0.198068   -0.220042    0.132700    3.457069e-06    2.243652    5.615234e-09    0.184845
0818     6  152.350006     8 -118.438385  -65.249191   62.094410   -0.195492   -0.222271    0.132772    1.673587e-06    2.253418    5.615234e-09    0.184845
0819     6  154.750000     8 -119.826447  -66.845016   63.042908   -0.192900   -0.224487    0.132834    4.621223e-06    2.258301    5.615234e-09    0.184784
0820     6  157.050003     8 -121.202492  -68.461624   63.994907   -0.190947   -0.226205    0.132740    4.019588e-06    2.268066    5.615234e-09    0.184784
0821     6  159.350006     8 -122.566360  -70.098343   64.950905   -0.188318   -0.228378    0.132776    4.916452e-06    2.277832    5.615234e-09    0.184784
0822     6  161.750000     8 -123.918419  -71.756523   65.909912   -0.185658   -0.230516    0.132792    3.266148e-06    2.287598    6.103515e-09    0.184784
0823     6  164.050003     8 -125.257713  -73.436783   66.873909   -0.182985   -0.232640    0.132799    3.190711e-06    2.297363    6.103515e-09    0.184784
0824     6  166.449997     8 -126.584259  -75.139130   67.842407   -0.180983   -0.234278    0.132663    1.902692e-06    2.307129    6.103515e-09    0.184784
0825     6  168.850006     8 -127.898064  -76.863556   68.814407   -0.178270   -0.236343    0.132638    4.878268e-06    2.316895    6.103515e-09    0.184784
0826     6  171.250000     8 -129.199371  -78.609642   69.789406   -0.175546   -0.238392    0.132605    2.360903e-06    2.326660    6.103515e-09    0.184784
0827     6  173.649994     8 -130.487671  -80.378235   70.769905   -0.173240   -0.240029    0.132648    3.344100e-05    2.336426    6.103515e-09    0.184662
0828     6  176.050003     8 -131.763214  -82.168915   71.754906   -0.170469   -0.242007    0.132577    2.847053e-06    2.351074    6.591797e-09    0.184662
0829     6  178.449997     8 -133.025513  -83.982552   72.744408   -0.167551   -0.244247    0.132187    2.952293e-06    2.360840    6.591797e-09    0.184662
0830     6  180.949997     8 -134.274078  -85.820000   73.737907   -0.165202   -0.245835    0.132201    3.352761e-06    2.370605    6.591797e-09    0.184662
0831     6  183.350006     8 -135.508865  -87.681259   74.735909   -0.162392   -0.247754    0.132098    3.056601e-06    2.385254    6.591797e-09    0.184662
0832     6  185.850006     8 -136.729919  -89.566338   75.739906   -0.159563   -0.249632    0.131976    3.027730e-06    2.399902    6.591797e-09    0.184662
0833     6  188.350006     8 -137.936218  -91.476959   76.748909   -0.156875   -0.251232    0.132163    2.751127e-06    2.414551    7.080078e-09    0.184662
0834     6  190.850006     8 -139.128937  -93.416115   77.764908   -0.153716   -0.253145    0.132225    3.200024e-06    2.434082    7.080078e-09    0.184662
0835     6  193.350006     8 -140.304993  -95.379135   78.786911   -0.150848   -0.254947    0.132065    3.085472e-06    2.453613    7.080078e-09    0.184662
0836     6  195.850006     8 -141.466476  -97.368385   79.816406   -0.147645   -0.256785    0.132088    3.047287e-06    2.468262    7.080078e-09    0.184662
0837     6  198.449997     8 -142.611755  -99.384666   80.852409   -0.144878   -0.258289    0.132221    5.688518e-06    2.482910    7.080078e-09    0.184601
0838     6  200.949997     8 -143.740814 -101.429092   81.895409   -0.141642   -0.260078    0.132218    3.285706e-06    2.502441    7.080078e-09    0.184601
0839     6  203.550003     8 -144.853622 -103.501663   82.945412   -0.138728   -0.261755    0.131999    3.933907e-06    2.521973    7.568359e-09    0.184601
0840     6  206.149994     8 -145.949661 -105.603249   84.003410   -0.135113   -0.263543    0.132156    6.642193e-06    2.541504    7.568359e-09    0.184601
0841     6  208.850006     8 -147.028961 -107.733841   85.070412   -0.132169   -0.264730    0.132760    4.401430e-06    2.561035    7.568359e-09    0.184601
0842     6  211.449997     8 -148.090775 -109.894753   86.147408   -0.128866   -0.266373    0.132686    2.475455e-06    2.580566    7.568359e-09    0.184601
0843     6  214.149994     8 -149.134567 -112.086838   87.235909   -0.125556   -0.267992    0.132600    1.912005e-06    2.604980    7.568359e-09    0.184601
0844     6  216.850006     8 -150.160797 -114.310349   88.336411   -0.122208   -0.269163    0.133354    3.142282e-06    2.629395    8.056641e-09    0.184540
0845     6  219.550003     8 -151.167603 -116.566513   89.448410   -0.118871   -0.270712    0.133234    3.629364e-06    2.653809    8.056641e-09    0.184540
0845     6  222.250000     8 -152.130859 -118.798119   90.543907   -0.115582   -0.272037    0.133429    4.430301e-06    2.678223    8.056641e-09    0.184540
0815    16  238.550003     8  -97.573288  -89.529602    2.185905    0.033103   -0.039073    0.103373   -1.271721e-05    4.875488    2.825871e-08   -0.526764
0815    16  243.350006     8  -96.122162  -91.138023    6.553406    0.035535   -0.036554    0.103464   -9.112991e-06    4.875488    2.874699e-08   -0.526886
0815    16  245.850006     8  -94.962578  -92.259476    9.825409    0.037336   -0.034725    0.103448   -5.536713e-06    2.419434    2.874699e-08   -0.526947
1301     7   60.150002     9  -23.153397   54.587360   -1.510902   -0.079840    0.300229   -0.006975    1.749955e-06    1.188965    2.197266e-09    0.158600
1301     7   61.250000     9  -23.457081   55.739365   -1.538902   -0.077987    0.300715   -0.006977    3.762543e-06    1.193848    2.197266e-09    0.158600
1301     7   62.450001     9  -23.754520   56.895542   -1.566406   -0.076697    0.301047   -0.006983    4.051253e-07    1.193848    2.197266e-09    0.158600
1302     7   65.050003     9  -24.379934   59.421783   -1.626404   -0.072399    0.302080   -0.007589    7.776543e-07    1.198730    2.197266e-09    0.158539
1302     7   66.250000     9  -24.657452   60.589466   -1.654907   -0.071268    0.302350   -0.007581    1.320615e-06    1.198730    2.197266e-09    0.158539
1302     7   67.550003     9  -24.928911   61.760651   -1.682907   -0.069400    0.302784   -0.007582    2.198853e-06    1.203613    2.685547e-09    0.158539
1303     7   70.150002     9  -25.497776   64.318954   -1.745903   -0.065598    0.303351   -0.007577    8.633360e-07    1.208496    2.685547e-09    0.157990
1303     7   71.349998     9  -25.749752   65.501381   -1.774406   -0.063720    0.303737   -0.007577    3.027730e-06    1.208496    2.685547e-09    0.157990
1303     7   72.550003     9  -25.994797   66.687820   -1.803406   -0.061843    0.304125   -0.007577    1.711771e-06    1.213379    2.685547e-09    0.157990
1304     7   75.150002     9  -26.506943   69.278877   -1.868408   -0.058082    0.304865   -0.007577    1.549721e-06    1.218262    2.685547e-09    0.157990
1304     7   76.449997     9  -26.732069   70.476814   -1.898407   -0.056198    0.305218   -0.007576    7.487833e-07    1.218262    2.685547e-09    0.157990
1304     7   77.650002     9  -26.950701   71.678490   -1.928406   -0.054874    0.305459   -0.007580    1.225621e-06    1.223145    2.685547e-09    0.157990
1305     7   80.349998     9  -27.403954   74.303543   -1.993408   -0.051096    0.306100   -0.007577    8.502044e-06    1.228027    3.173828e-09    0.157928
1305     7   81.550003     9  -27.602234   75.516975   -2.023407   -0.049206    0.306410   -0.007575    1.454726e-06    1.228027    3.173828e-09    0.157928
1305     7   82.750000     9  -27.794018   76.734161   -2.053902   -0.047315    0.306707   -0.007573    9.778887e-07    1.232910    3.173828e-09    0.157928
1306     7   85.449997     9  -28.186651   79.394226   -2.119408   -0.043306    0.307285   -0.007581    2.312474e-06    1.237793    3.173828e-09    0.157928
1306     7   86.750000     9  -28.356354   80.624146   -2.149902   -0.041410    0.307546   -0.007578    9.108335e-07    1.242676    3.173828e-09    0.157928
1306     7   87.949997     9  -28.519123   81.858078   -2.179901   -0.039515    0.307796   -0.007575    8.254312e-06    1.242676    3.173828e-09    0.157928
1307     7   90.650002     9  -28.848974   84.554390   -2.245903   -0.035484    0.308272   -0.007580    1.168810e-06    1.252441    3.173828e-09    0.157867
1307     7   91.949997     9  -28.989229   85.801331   -2.276405   -0.033586    0.308485   -0.007576    1.245178e-06    1.257324    3.173828e-09    0.157867
1307     7   93.150002     9  -29.122557   87.052254   -2.306908   -0.032240    0.308629   -0.007578    1.454726e-06    1.257324    3.173828e-09    0.157867
1308     7   95.949997     9  -29.388315   89.785568   -2.373901   -0.028194    0.309011   -0.007581    2.713874e-06    1.267090    3.662109e-09    0.157867
1308     7   97.250000     9  -29.498878   91.049057   -2.405403   -0.026296    0.309178   -0.007576    2.961606e-06    1.267090    3.662109e-09    0.157867
1308     7   98.449997     9  -29.601461   92.317741   -2.436905   -0.024140    0.309354   -0.007583    1.378357e-06    1.271973    3.662109e-09    0.157867
1309     7  101.750000     9  -29.826904   95.536217   -2.517403   -0.019538    0.309679   -0.007578    9.303913e-07    1.281738    3.662109e-09    0.157867
1309     7  103.050003     9  -29.903074   96.820145   -2.549408   -0.017372    0.309807   -0.007585    1.034699e-06    1.286621    3.662109e-09    0.157867
1309     7  104.250000     9  -29.971016   98.108826   -2.581902   -0.015478    0.309908   -0.007578    2.102926e-06    1.291504    3.662109e-09    0.157867
1310     7  107.550003     9  -30.107254  101.378792   -2.664902   -0.010596    0.310084   -0.008188    1.234934e-06    1.301270    4.150391e-09    0.157867
1310     7  108.849998     9  -30.147484  102.683472   -2.698402   -0.008709    0.310159   -0.007574    1.009461e-05    1.306152    4.150391e-09    0.157806
1310     7  110.150002     9  -30.179918  103.992653   -2.730904   -0.006532    0.310198   -0.007578    7.580966e-07    1.311035    4.150391e-09    0.157806
1311     7  113.550003     9  -30.224970  107.314697   -2.815407   -0.001645    0.310247   -0.008185    1.101755e-06    1.320801    4.150391e-09    0.157806
1501     1   92.650002     8  -58.850746    1.126247  -70.307907   -0.423859   -0.036773   -0.505147    1.873821e-06    1.794434    3.173828e-09    0.583954
1501     1   94.449997     8  -60.000748    1.022247  -71.680412   -0.423763   -0.039345   -0.505033    3.886409e-06    1.794434    3.173828e-09    0.583954
1501     1   96.250000     8  -61.150749    0.913750  -73.053909   -0.423713   -0.040630   -0.504973    1.702458e-06    1.794434    3.173828e-09    0.583893
1502     1  100.150002     8  -63.650253    0.661247  -76.041412   -0.422774   -0.044537   -0.505393    1.998618e-06    1.794434    3.173828e-09    0.583893
1502     1  101.949997     8  -64.800255    0.538250  -77.416908   -0.422718   -0.045821   -0.505325    1.369044e-06    1.799316    3.662109e-09    0.583893
1502     1  103.750000     8  -65.950256    0.410748  -78.792908   -0.422660   -0.047106   -0.505256    3.132969e-06    1.799316    3.662109e-09    0.583893
1503     1  107.650002     8  -68.450249    0.117249  -81.786911   -0.422476   -0.050955   -0.505036    4.372559e-06    1.799316    3.662109e-09    0.583893
1503     1  109.449997     8  -69.600250   -0.025249  -83.164909   -0.421582   -0.053585   -0.505511    1.749955e-06    1.799316    3.662109e-09    0.583893
1503     1  111.250000     8  -70.750252   -0.172253  -84.543907   -0.421514   -0.054868   -0.505429    2.322719e-06    1.804199    3.662109e-09    0.583893
1504     1  115.150002     8  -73.250252   -0.509251  -87.543907   -0.421283   -0.058709   -0.505153    1.960434e-06    1.804199    4.150391e-09    0.583893
1504     1  116.949997     8  -74.400253   -0.671753  -88.924911   -0.421209   -0.059988   -0.505064    2.322719e-06    1.804199    4.150391e-09    0.583893
1504     1  118.750000     8  -75.550255   -0.838753  -90.306908   -0.421056   -0.062546   -0.504881    2.093613e-06    1.804199    4.150391e-09    0.583893
1505     1  122.750000     8  -78.050247   -1.218750  -93.313911   -0.420131   -0.065182   -0.505318    8.922070e-06    1.809082    4.150391e-09    0.583893
1505     1  124.550003     8  -79.200249   -1.400753  -94.698410   -0.419965   -0.067736   -0.505120    8.711591e-06    1.809082    4.150391e-09    0.583893
1505     1  126.349998     8  -80.350250   -1.587250  -96.083908   -0.419862   -0.069010   -0.504995    3.037974e-06    1.809082    4.150391e-09    0.583893
1506     1  130.250000     8  -82.850250   -2.009750  -99.099907   -0.418202   -0.072815   -0.505838    3.915280e-06    1.813965    4.638672e-09    0.583893
1506     1  132.149994     8  -84.000252   -2.211750 -100.489914   -0.418111   -0.074088   -0.505728    2.322719e-06    1.813965    4.638672e-09    0.583893
1506     1  133.949997     8  -85.150253   -2.418751 -101.881409   -0.417246   -0.075452   -0.506241    4.181638e-06    1.818848    4.638672e-09    0.583832
1507     1  137.850006     8  -87.650253   -2.885750 -104.908913   -0.416959   -0.079267   -0.505894    1.616776e-06    1.818848    4.638672e-09    0.583832
1507     1  139.649994     8  -88.800255   -3.107750 -106.302910   -0.416761   -0.081806   -0.505653    4.134141e-06    1.823730    4.638672e-09    0.583832
1507     1  141.550003     8  -89.950256   -3.334251 -107.698410   -0.415883   -0.083177   -0.506152    3.218651e-06    1.823730    4.638672e-09    0.583832
1508     1  145.449997     8  -92.450745   -3.843750 -110.736412   -0.415551   -0.086976   -0.505748    2.903864e-06    1.823730    5.126953e-09    0.583832
1508     1  147.350006     8  -93.600250   -4.085751 -112.135414   -0.415444   -0.088241   -0.505617    1.206994e-06    1.828613    5.126953e-09    0.583832
1508     1  149.149994     8  -94.750252   -4.332752 -113.535408   -0.415176   -0.089750   -0.505572    1.597218e-06    1.828613    5.126953e-09    0.583832
1509     1  153.750000     8  -97.650749   -4.977753 -117.069908   -0.414722   -0.094812   -0.505019    3.190711e-06    1.833496    5.126953e-09    0.583832
1509     1  155.550003     8  -98.800255   -5.241753 -118.473412   -0.413823   -0.096193   -0.505496    2.360903e-06    1.833496    5.126953e-09    0.583832
1509     1  157.449997     8  -99.950256   -5.511253 -119.878410   -0.413704   -0.097456   -0.505351    6.270595e-06    1.838379    5.126953e-09    0.583832
1510     1  162.050003     8 -102.850746   -6.213253 -123.426910   -0.413197   -0.102493   -0.504732    1.940876e-06    1.838379    5.615234e-09    0.583832
1510     1  163.949997     8 -104.000252   -6.500252 -124.834915   -0.412285   -0.103878   -0.505194    4.286878e-06    1.843262    5.615234e-09    0.583832
1510     1  165.750000     8 -105.150253   -6.793251 -126.244415   -0.412157   -0.105136   -0.505038    2.665445e-06    1.843262    5.615234e-09    0.583832
1511     1  170.449997     8 -108.050743   -7.553253 -129.803925   -0.410844   -0.110289   -0.505009    2.599321e-06    1.848145    5.615234e-09    0.583832
1511     1  172.250000     8 -109.200745   -7.864250 -131.217407   -0.410709   -0.111543   -0.504843    4.925765e-06    1.848145    6.103515e-09    0.583832
1511     1  174.149994     8 -110.350746   -8.180252 -132.633423   -0.409643   -0.114184   -0.505119    1.225621e-06    1.853027    6.103515e-09    0.583832
1512     1  178.750000     8 -113.250748   -9.001751 -136.213898   -0.408408   -0.118071   -0.505187    2.322719e-06    1.857910    6.103515e-09    0.583832
1512     1  180.649994     8 -114.400749   -9.336250 -137.635925   -0.408265   -0.119319   -0.505010    2.847053e-06    1.857910    6.103515e-09    0.583771
1512     1  182.550003     8 -115.550751   -9.676250 -139.059906   -0.407974   -0.121812   -0.504650    1.664273e-06    1.862793    6.103515e-09    0.583771
1513     1  187.250000     8 -118.450752  -10.556751 -142.658905   -0.405927   -0.125844   -0.505311    4.868954e-06    1.867676    6.591797e-09    0.583771
1513     1  189.149994     8 -119.600754  -10.915752 -144.089905   -0.405775   -0.127087   -0.505122    1.511537e-06    1.872559    6.591797e-09    0.583771
1513     1  190.949997     8 -120.750755  -11.280251 -145.522919   -0.405467   -0.129569   -0.504738    1.340173e-06    1.872559    6.591797e-09    0.583771
1514     1  198.949997     8 -125.245262  -12.755253 -151.142914   -0.403043   -0.136067   -0.504932    4.801899e-06    3.195801    6.591797e-09    0.583771
1514     1  202.149994     8 -127.195259  -13.422253 -153.595428   -0.401905   -0.138699   -0.505123    4.534610e-06    3.205566    7.080078e-09    0.583771
1515     1  205.449997     8 -129.195251  -14.123253 -156.117401   -0.400758   -0.141330   -0.505304    2.685003e-06    3.210449    7.080078e-09    0.583771
1516     1  208.750000     8 -131.195251  -14.839252 -158.644409   -0.399604   -0.143961   -0.505476    4.811212e-06    3.215332    7.080078e-09    0.583771
1517     1  212.149994     8 -133.195251  -15.570251 -161.176422   -0.399087   -0.147643   -0.504822    3.886409e-06    3.225098    7.080078e-09    0.583771
1518     1  215.449997     8 -135.195251  -16.318752 -163.714905   -0.397916   -0.150266   -0.504972    2.417713e-06    3.234863    7.568359e-09    0.583771
1519     1  218.750000     8 -137.195251  -17.086254 -166.261414   -0.396539   -0.154102   -0.504861    1.927838e-05    3.244629    7.568359e-09    0.583771
1520     1  222.149994     8 -139.195251  -17.872250 -168.815430   -0.395349   -0.156721   -0.504989    3.933907e-06    3.254395    7.568359e-09    0.583771
1521     1  225.449997     8 -141.195251  -18.675755 -171.377930   -0.394151   -0.159337   -0.505106    3.352761e-06    3.264160    7.568359e-09    0.583771
1522     1  228.850006     8 -143.195251  -19.496250 -173.947418   -0.392755   -0.163164   -0.504971    4.106201e-06    3.273926    7.568359e-09    0.583710
1523     1  232.149994     8 -145.195251  -20.334255 -176.524902   -0.391539   -0.165775   -0.505066    4.372559e-06    3.283691    8.056641e-09    0.583710
1524     1  235.550003     8 -147.195251  -21.189754 -179.110901   -0.390297   -0.168376   -0.505128    7.186085e-06    3.293457    8.056641e-09    0.583710
1525     1  238.949997     8 -149.195251  -22.063251 -181.703918   -0.388867   -0.172185   -0.504947    5.269423e-06    3.303223    8.056641e-09    0.583710
1526     1  242.350006     8 -151.195251  -22.955250 -184.305420   -0.387625   -0.174786   -0.505009    4.372559e-06    3.317871    8.056641e-09    0.583710
1527     1  245.750000     8 -153.195267  -23.865749 -186.916901   -0.386375   -0.177384   -0.505061    3.371388e-06    3.327637    8.544922e-09    0.583710
1528     1  249.250000     8 -155.195267  -24.795750 -189.538422   -0.384911   -0.181173   -0.504833    5.249865e-06    3.342285    8.544922e-09    0.583710
1529     1  252.649994     8 -157.195267  -25.743755 -192.169403   -0.383644   -0.183762   -0.504862    2.665445e-06    3.352051    8.544922e-09    0.583710
1530     1  254.149994     8 -158.628265  -26.435757 -194.061920   -0.382352   -0.186340   -0.504859   -1.358800e-06    1.408691    8.544922e-09    0.583710
1535     1  273.649994     8 -169.833771  -32.196751 -209.057022   -0.372877   -0.202860   -0.505541   -2.169982e-06    1.193848    9.521484e-09    0.583710
1536     1  274.250000     8 -170.375275  -32.491756 -209.791016   -0.372877   -0.202860   -0.505541   -1.092441e-06    0.549316    9.521484e-09    0.583710
1601     4  198.350006     8  -44.296162  -40.496307 -186.577423   -0.035750   -0.103002   -0.339239   -3.915280e-06    2.873535    7.080078e-09    0.240997
1601     4  200.550003     8  -44.538956  -41.220764 -188.956909   -0.033851   -0.103518   -0.339260   -6.251968e-06    2.121582    7.080078e-09    0.240997
1601     4  203.449997     8  -44.777466  -41.949669 -191.344910   -0.032902   -0.103777   -0.339274   -6.918795e-06    2.873535    7.080078e-09    0.240997
1601     4  205.350006     8  -44.996582  -42.658146 -193.657410   -0.031952   -0.104035   -0.339286   -1.483597e-06    1.979980    7.568359e-09    0.240997
1602    16   19.650000     8  -51.845978  -42.003658 -193.309418   -0.040282    0.031671    0.104834   -6.947666e-06    2.873535    1.702824e-08   -0.517975
1602    16   21.850000     8  -52.735516  -41.331932 -191.035919   -0.041167    0.030051    0.104955   -7.567927e-06    2.189941    1.702824e-08   -0.518036
1603    16   31.750000     8  -56.201050  -39.094437 -182.481415   -0.044591    0.024620    0.104886   -2.450496e-05    2.873535    1.751652e-08   -0.518646
1603    16   33.750000     8  -57.148182  -38.593948 -180.276917   -0.045141    0.023271    0.104930   -6.461516e-06    2.028809    1.751652e-08   -0.518707
1603    16   36.650002     8  -58.102539  -38.114956 -178.070404   -0.045527    0.021701    0.105088   -7.977709e-06    2.873535    1.800481e-08   -0.518768
1603    16   38.349998     8  -59.011703  -37.702244 -175.993927   -0.046068    0.020347    0.105112   -6.184913e-06    1.730957    1.800481e-08   -0.518829
1603    16   41.250000     8  -59.927288  -37.309406 -173.916901   -0.046775    0.018866    0.105064   -6.976537e-06    2.873535    1.800481e-08   -0.518890
1603    16   42.549999     8  -60.789818  -36.979462 -171.996429   -0.047472    0.017384    0.104996   -3.571622e-06    1.384277    1.800481e-08   -0.518951
1604    16   50.250000     8  -63.658722  -36.083366 -165.761902   -0.049746    0.011832    0.104676   -8.301809e-06    2.873535    1.849309e-08   -0.519196
1604    16   50.849998     8  -64.397446  -35.923855 -164.210419   -0.049987    0.010726    0.104669   -1.206994e-06    0.578613    1.849309e-08   -0.519257
1604    16   53.750000     8  -65.138954  -35.766533 -162.659912   -0.050388    0.009670    0.104574   -6.585382e-06    2.873535    1.898137e-08   -0.519318
1604    16   54.250000     8  -65.886032  -35.639561 -161.112427   -0.050621    0.008734    0.104538   -7.394701e-07    0.573730    1.898137e-08   -0.519318
1604    16   57.150002     8  -66.633682  -35.510605 -159.564911   -0.050904    0.007484    0.104435   -6.679073e-05    2.873535    1.898137e-08   -0.519989
1604    16   57.650002     8  -67.361069  -35.416725 -158.070404   -0.051433    0.006128    0.104207   -1.369044e-06    0.456543    1.898137e-08   -0.519989
1605    16   64.250000     8  -69.771324  -35.209023 -153.186401   -0.051277    0.002265    0.104382    9.084120e-06    2.873535    1.946965e-08   -0.520416
1605    16   64.449997     8  -70.438957  -35.192646 -151.832916   -0.051323    0.001448    0.104368   -1.192093e-07    0.144043    1.946965e-08   -0.520416
1605    16   67.250000     8  -71.105865  -35.173538 -150.479401   -0.051275    0.000434    0.104395    5.937181e-06    2.873535    1.946965e-08   -0.520477
1605    16   67.449997     8  -71.772453  -35.181969 -149.124908   -0.051063   -0.000467    0.104487   -2.885237e-06    0.144043    1.946965e-08   -0.520477
1605    16   70.349998     8  -72.436340  -35.187092 -147.768921   -0.051166   -0.001595    0.104420    6.051734e-06    2.873535    1.946965e-08   -0.520538
1605    16   70.449997     8  -73.088493  -35.219521 -146.434418   -0.051107   -0.002609    0.104423   -2.533197e-07    0.095215    1.946965e-08   -0.520538
1606    16   76.750000     8  -75.239113  -35.396542 -142.013428   -0.050118   -0.006007    0.104728    1.087692e-05    2.844238    1.995793e-08   -0.520782
1606    16   79.550003     8  -76.464684  -35.567776 -139.450409   -0.049645   -0.007813    0.104817    6.565824e-06    2.849121    1.995793e-08   -0.520844
1606    16   82.349998     8  -77.669365  -35.781212 -136.902405   -0.049578   -0.009633    0.104691    4.859641e-06    2.805176    2.044621e-08   -0.520905
1607    16   88.250000     8  -80.209427  -36.381691 -131.521423   -0.049023   -0.013766    0.104462    8.311123e-06    2.697754    2.044621e-08   -0.521088
1607    16   90.949997     8  -81.339813  -36.720814 -129.100403   -0.048444   -0.015261    0.104502    1.566391e-05    2.687988    2.093449e-08   -0.521271
1607    16   93.650002     8  -82.451309  -37.094646 -126.690910   -0.047908   -0.017052    0.104455    5.612150e-06    2.668457    2.093449e-08   -0.521332
1608    16   99.349998     8  -84.796364  -38.032875 -121.512909   -0.046617   -0.020753    0.104335    1.161080e-05    2.624512    2.093449e-08   -0.521576
1608    16  102.050003     8  -85.842178  -38.519478 -119.155914   -0.045918   -0.022194    0.104332    6.985851e-06    2.624512    2.142277e-08   -0.521637
1608    16  104.650002     8  -86.870865  -39.037750 -116.798409   -0.045216   -0.023615    0.104315    5.260110e-06    2.624512    2.142277e-08   -0.521698
1609    16  111.250000     8  -89.379837  -40.492081 -110.888412   -0.042977   -0.027824    0.104189    7.138588e-06    2.609863    2.191106e-08   -0.521881
1609    16  113.849998     8  -90.336014  -41.135929 -108.546410   -0.042164   -0.029712    0.103989    7.729977e-06    2.609863    2.191106e-08   -0.522003
1609    16  116.449997     8  -91.270134  -41.819000 -106.207413   -0.041102   -0.031449    0.103886    6.690621e-06    2.609863    2.191106e-08   -0.522064
1610    16  123.050003     8  -93.530716  -43.705540 -100.303413   -0.038056   -0.034923    0.103897    6.299466e-06    2.639160    2.239934e-08   -0.522308
1610    16  125.750000     8  -94.388336  -44.521114  -97.921410   -0.036524   -0.036118    0.104021    1.710467e-05    2.683105    2.239934e-08   -0.522491
1610    16  128.449997     8  -95.222443  -45.377396  -95.501411   -0.035275   -0.037511    0.103936    5.688518e-06    2.717285    2.288762e-08   -0.522552
1611    16  135.350006     8  -97.231270  -47.699978  -89.316910   -0.032855   -0.040291    0.103655    5.993992e-06    2.741699    2.288762e-08   -0.522736
1611    16  138.149994     8  -97.994492  -48.670048  -86.857407   -0.031352   -0.041510    0.103628    7.786788e-06    2.761230    2.337590e-08   -0.522797
1611    16  138.149994     8  -98.362816  -49.173107  -85.614906   -0.030287   -0.041922    0.103773   -2.421439e-08    0.021973    2.337590e-08   -0.522797
1611    16  140.949997     8  -98.735863  -49.686974  -84.343910   -0.029372   -0.042738    0.103697    7.644296e-06    2.819824    2.337590e-08   -0.522919
1611    16  140.949997     8  -99.087814  -50.216373  -83.071411   -0.028525   -0.043296    0.103696   -2.421439e-08    0.021973    2.337590e-08   -0.522919
1612    16  148.250000     8 -100.462494  -52.460358  -77.800911   -0.025273   -0.044805    0.103870    5.641021e-06    2.873535    2.386418e-08   -0.523102
1612    16  148.449997     8 -100.778900  -53.048325  -76.456406   -0.024419   -0.045347    0.103834   -4.051253e-07    0.129395    2.386418e-08   -0.523102
1612    16  151.250000     8 -101.096550  -53.634140  -75.110909   -0.023384   -0.045806    0.103865    6.270595e-06    2.873535    2.386418e-08   -0.523163
1612    16  151.550003     8 -101.397018  -54.248711  -73.729408   -0.022527   -0.046340    0.103812   -4.535541e-07    0.207520    2.386418e-08   -0.523163
1612    16  154.350006     8 -101.696426  -54.866131  -72.348412   -0.021365   -0.046963    0.103772   -8.359551e-06    2.873535    2.386418e-08   -0.523224
1612    16  154.649994     8 -101.977890  -55.513611  -70.927910   -0.020324   -0.047406    0.103768   -2.244487e-07    0.295410    2.386418e-08   -0.523224
1613    16  162.550003     8 -103.044006  -58.263023  -65.007408   -0.016883   -0.048796    0.103712   -7.291324e-06    2.873535    2.435246e-08   -0.523468
1613    16  163.149994     8 -103.278931  -58.988132  -63.481907   -0.015836   -0.049218    0.103666   -1.130626e-06    0.534668    2.435246e-08   -0.523468
1613    16  165.949997     8 -103.512306  -59.712921  -61.953907   -0.014813   -0.049718    0.103556   -2.809986e-05    2.873535    2.484074e-08   -0.523773
1613    16  166.649994     8 -103.724480  -60.477432  -60.362907   -0.013762   -0.050124    0.103477   -3.924593e-06    0.681152    2.484074e-08   -0.523834
1613    16  169.550003     8 -103.932961  -61.247318  -58.771408   -0.012525   -0.050449    0.103465   -7.806346e-06    2.873535    2.484074e-08   -0.523895
1613    16  170.350006     8 -104.117699  -62.058346  -57.112408   -0.011097   -0.050688    0.103506   -3.056601e-06    0.837402    2.484074e-08   -0.523895
1614    16  186.050003     8 -104.885284  -68.064857  -44.938408   -0.001245   -0.050968    0.103875   -1.511164e-05    4.875488    2.581731e-08   -0.524445
1614    16  189.949997     8 -104.871742  -70.018303  -40.972408    0.001587   -0.050899    0.103876   -2.008956e-05    3.967285    2.581731e-08   -0.524628
1614    16  194.850006     8 -104.759346  -71.957970  -37.001907    0.004693   -0.050366    0.104013   -1.315586e-05    4.875488    2.630559e-08   -0.524750
1614    16  199.750000     8 -104.495201  -74.078491  -32.619408    0.007831   -0.050381    0.103789   -2.116710e-05    4.875488    2.630559e-08   -0.524994
1614    16  201.750000     8 -104.208862  -75.568443  -29.518906    0.010035   -0.050106    0.103704   -8.397736e-06    2.028809    2.630559e-08   -0.525055
1615    16  206.949997     8 -103.853455  -77.224045  -26.092911    0.012627   -0.049609    0.103626   -3.017951e-05    4.875488    2.679387e-08   -0.525421
1615    16  211.850006     8 -103.253616  -79.297981  -21.721909    0.015896   -0.048508    0.103635   -4.026946e-05    4.875488    2.728215e-08   -0.525848
1615    16  216.750000     8 -102.513893  -81.325226  -17.349907    0.019252   -0.047108    0.103666   -1.056213e-05    4.875488    2.728215e-08   -0.525909
1615    16  221.649994     8 -101.637398  -83.287354  -12.973404    0.022500   -0.045516    0.103706   -1.003779e-05    4.875488    2.777043e-08   -0.526031
1615    16  226.449997     8 -100.626091  -85.177994   -8.594902    0.025619   -0.044148    0.103551   -1.149718e-05    4.875488    2.777043e-08   -0.526154
1615    16  231.350006     8  -99.484207  -87.004791   -4.221405    0.028635   -0.042159    0.103573   -8.244999e-06    4.875488    2.825871e-08   -0.526276
1615    16  233.649994     8  -98.556190  -88.280159   -1.019402    0.030525   -0.040487    0.103690   -5.364418e-06    2.263184    2.825871e-08   -0.526276
2014     3  150.050003     9  124.504875  -34.842728  -73.059395    0.629871   -0.277269   -0.387950    2.703629e-06    2.253418    5.126953e-09    0.676483
2014     3  152.250000     9  126.299301  -35.635681  -74.162895    0.628556   -0.280042   -0.388091    7.615425e-06    2.248535    5.126953e-09    0.676483
2015     3  154.550003     9  128.134171  -36.456596  -75.293892    0.627231   -0.282813   -0.388226    1.873821e-06    2.248535    5.126953e-09    0.676483
2016     3  156.850006     9  129.965225  -37.285126  -76.424896    0.626171   -0.285869   -0.387698    2.999790e-06    2.248535    5.126953e-09    0.676483
2017     3  159.149994     9  131.791779  -38.121445  -77.555893    0.625501   -0.287250   -0.387760    2.370216e-06    2.248535    5.615234e-09    0.676483
2018     3  161.449997     9  133.614075  -38.965130  -78.686394    0.624151   -0.290010   -0.387879    1.278426e-05    2.248535    5.615234e-09    0.676483
2019     3  163.750000     9  135.431625  -39.817039  -79.816895    0.622765   -0.292755   -0.387976    1.664273e-06    2.248535    5.615234e-09    0.676483
2020     3  166.050003     9  137.244934  -40.676308  -80.946892    0.621395   -0.295509   -0.388084    1.216307e-06    2.243652    5.615234e-09    0.676483
2021     3  168.350006     9  139.053986  -41.542938  -82.076897    0.620015   -0.298260   -0.388186    9.007752e-06    2.243652    5.615234e-09    0.676483
2022     3  170.649994     9  140.858536  -42.417370  -83.205894    0.618911   -0.301269   -0.387624    2.494082e-06    2.243652    5.615234e-09    0.676483
2023     3  172.949997     9  142.658829  -43.299152  -84.334396    0.617513   -0.304009   -0.387714    1.893379e-06    2.243652    6.103515e-09    0.676483
2024     3  175.250000     9  144.454880  -44.188301  -85.461891    0.616105   -0.306745   -0.387799    3.323890e-06    2.243652    6.103515e-09    0.676483
2025     3  177.550003     9  146.246689  -45.084812  -86.589394    0.614688   -0.309479   -0.387877    3.810041e-06    2.243652    6.103515e-09    0.676483
2026     3  179.850006     9  148.034241  -45.988686  -87.716393    0.613260   -0.312208   -0.387949    1.178123e-06    2.238770    6.103515e-09    0.676483
2027     3  182.149994     9  149.817291  -46.900352  -88.842896    0.612409   -0.315236   -0.386844    1.473352e-06    2.238770    6.103515e-09    0.676483
2028     3  184.449997     9  151.596344  -47.818943  -89.968895    0.610933   -0.317947   -0.386887    3.256835e-06    2.238770    6.103515e-09    0.676483
2029     3  186.750000     9  153.370895  -48.745331  -91.094894    0.609621   -0.319001   -0.388088    2.293848e-06    2.238770    6.103515e-09    0.676483
2030     3  189.050003     9  155.141205  -49.679081  -92.220894    0.608159   -0.321717   -0.388140    3.638677e-06    2.238770    6.591797e-09    0.676483
2031     3  191.350006     9  156.907486  -50.619755  -93.346390    0.606687   -0.324428   -0.388186    1.873821e-06    2.238770    6.591797e-09    0.676483
2032     3  193.649994     9  158.669540  -51.567795  -94.472389    0.605513   -0.327350   -0.387566    5.526468e-06    2.238770    6.591797e-09    0.676483
2033     3  195.949997     9  160.426849  -52.524063  -95.598389    0.604025   -0.330048   -0.387600    2.026558e-06    2.238770    6.591797e-09    0.676483
2034     3  198.250000     9  162.179398  -53.488556  -96.723389    0.602527   -0.332742   -0.387628    2.856366e-06    2.238770    6.591797e-09    0.676483
2035     3  200.550003     9  163.927948  -54.459976  -97.848885    0.601595   -0.335752   -0.386478    3.591180e-06    2.238770    6.591797e-09    0.676483
2036     3  202.850006     9  165.671997  -55.439194  -98.973389    0.599504   -0.338114   -0.387666    1.731329e-06    2.238770    7.080078e-09    0.676483
2037     3  205.149994     9  167.412048  -56.425339 -100.098389    0.598551   -0.341119   -0.386505    2.035871e-06    2.238770    7.080078e-09    0.676483
2038     3  207.449997     9  169.147354  -57.419708 -101.223389    0.597015   -0.343796   -0.386509    4.830770e-06    2.238770    7.080078e-09    0.676483
2039     3  209.750000     9  170.878403  -58.421440 -102.348389    0.594874   -0.346120   -0.387663    8.988194e-06    2.238770    7.080078e-09    0.676422
2040     3  212.050003     9  172.605438  -59.430099 -103.473389    0.593889   -0.349117   -0.386483    1.826324e-06    2.238770    7.080078e-09    0.676422
2041     3  214.350006     9  174.328003  -60.446552 -104.597885    0.592326   -0.351778   -0.386470    3.218651e-06    2.238770    7.080078e-09    0.676422
2042     3  216.649994     9  176.046051  -61.470802 -105.722389    0.590754   -0.354432   -0.386451    7.033348e-06    2.238770    7.568359e-09    0.676422
2043     3  218.949997     9  177.760101  -62.501984 -106.847389    0.589965   -0.355757   -0.386439    3.791414e-06    2.238770    7.568359e-09    0.676422
2044     3  221.250000     9  179.469910  -63.540512 -107.972389    0.587817   -0.358061   -0.387583    2.713874e-06    2.238770    7.568359e-09    0.676422
2045     3  223.550003     9  181.175461  -64.586411 -109.097885    0.586224   -0.360699   -0.387549    2.503395e-06    2.238770    7.568359e-09    0.676422
2045     3  225.750000     9  182.833954  -65.613808 -110.195389    0.584256   -0.363161   -0.388151    3.921986e-05    2.238770    7.568359e-09    0.676422
2101     3   69.550003     9   58.850758  -11.697245  -33.793900    0.664392   -0.179795   -0.388140    1.702458e-06    1.364746    2.197266e-09    0.676605
2101     3   70.949997     9   60.000759  -12.008745  -34.465401    0.664095   -0.181257   -0.387967    2.160668e-06    1.369629    2.197266e-09    0.676605
2101     3   72.349998     9   61.150761  -12.324244  -35.137398    0.663797   -0.182718   -0.387793    1.378357e-06    1.369629    2.685547e-09    0.676605
2102     3   75.349998     9   63.650261  -13.020742  -36.599899    0.662432   -0.187393   -0.387896    1.158565e-06    1.369629    2.685547e-09    0.676605
2102     3   76.650002     9   64.800758  -13.346243  -37.273399    0.661664   -0.189157   -0.388351    1.234934e-06    1.374512    2.685547e-09    0.676605
2102     3   78.050003     9   65.950760  -13.675245  -37.947399    0.661353   -0.190612   -0.388169    2.040435e-05    1.374512    2.685547e-09    0.676605
2103     3   81.050003     9   68.450256  -14.401743  -39.415897    0.660232   -0.193822   -0.388417    3.065914e-06    1.374512    2.685547e-09    0.676605
2103     3   82.449997     9   69.600754  -14.740743  -40.091900    0.659914   -0.195273   -0.388230    2.427027e-06    1.379395    2.685547e-09    0.676605
2103     3   83.750000     9   70.750755  -15.083241  -40.768898    0.659594   -0.196721   -0.388042    2.789311e-06    1.379395    2.685547e-09    0.676605
2104     3   86.750000     9   73.250259  -15.839242  -42.242401    0.658152   -0.201381   -0.388101    7.910654e-06    1.379395    3.173828e-09    0.676605
2104     3   88.150002     9   74.400757  -16.192244  -42.921398    0.657823   -0.202822   -0.387907    5.960464e-07    1.384277    3.173828e-09    0.676605
2104     3   89.550003     9   75.550758  -16.548742  -43.600899    0.657017   -0.204594   -0.388343    1.940876e-06    1.384277    3.173828e-09    0.676605
2105     3   92.550003     9   78.050255  -17.334742  -45.079899    0.655869   -0.207808   -0.388577    2.055429e-06    1.384277    3.173828e-09    0.676605
2105     3   93.949997     9   79.200256  -17.701242  -45.761398    0.655191   -0.210680   -0.388175    1.111068e-06    1.389160    3.173828e-09    0.676605
2105     3   95.349998     9   80.350258  -18.071241  -46.442898    0.654848   -0.212112   -0.387973    3.027730e-06    1.389160    3.173828e-09    0.676605
2106     3   98.349998     9   82.850266  -18.887241  -47.927399    0.653643   -0.215309   -0.388173    1.216307e-06    1.389160    3.173828e-09    0.676605
2106     3   99.750000     9   84.000267  -19.268242  -48.611401    0.653294   -0.216736   -0.387966    1.902692e-06    1.389160    3.173828e-09    0.676605
2106     3  101.150002     9   85.150269  -19.652243  -49.295898    0.652453   -0.218514   -0.388383    1.902692e-06    1.394043    3.662109e-09    0.676605
2107     3  104.150002     9   87.650269  -20.498743  -50.785900    0.650892   -0.223141   -0.388373    1.283363e-06    1.394043    3.662109e-09    0.676605
2107     3  105.550003     9   88.800270  -20.893242  -51.472401    0.650532   -0.224561   -0.388158    1.120381e-06    1.398926    3.662109e-09    0.676605
2107     3  106.949997     9   89.950272  -21.291243  -52.158901    0.650170   -0.225978   -0.387942    1.664273e-06    1.398926    3.662109e-09    0.676605
2108     3  110.050003     9   92.450264  -22.167742  -53.654892    0.648939   -0.229173   -0.388129    1.559034e-06    1.398926    3.662109e-09    0.676605
2108     3  111.449997     9   93.600258  -22.576242  -54.343391    0.648066   -0.230955   -0.388530    2.322719e-06    1.403809    3.662109e-09    0.676544
2108     3  112.849998     9   94.750259  -22.987743  -55.032894    0.647695   -0.232367   -0.388308    1.492910e-06    1.403809    3.662109e-09    0.676544
2109     3  116.349998     9   97.650757  -24.041241  -56.774391    0.646059   -0.236966   -0.388253    1.664273e-06    1.403809    4.150391e-09    0.676544
2109     3  117.750000     9   98.800262  -24.464241  -57.464893    0.645680   -0.238369   -0.388025    1.369044e-06    1.408691    4.150391e-09    0.676544
2109     3  119.150002     9   99.950264  -24.891241  -58.154892    0.645916   -0.240000   -0.386624    1.693144e-06    1.408691    4.150391e-09    0.676544
2110     3  122.750000     9  102.850754  -25.982241  -59.897892    0.644243   -0.244581   -0.386546    7.199124e-07    1.408691    4.150391e-09    0.676544
2110     3  123.550003     9  103.771759  -26.333241  -60.452393    0.643333   -0.246366   -0.386926   -4.628673e-07    0.852051    4.150391e-09    0.676544
2111     3  127.849998     9  107.523254  -27.786741  -62.715393    0.640584   -0.252071   -0.387742   -1.490116e-08    0.119629    4.150391e-09    0.676544
2214    10  132.550003     9   92.541702   90.203583  -12.547890    0.299745    0.158844   -0.032271    1.835637e-06    1.960449    4.638672e-09    0.214386
2214    10  134.550003     9   94.270126   91.110855  -12.734894    0.300982    0.156490   -0.032261    6.099232e-06    1.960449    4.638672e-09    0.214386
2215    10  136.550003     9   96.051437   92.025551  -12.926392    0.302498    0.153496   -0.032307    3.227964e-06    1.960449    5.126953e-09    0.214386
2216    10  138.550003     9   97.841736   92.924667  -13.117889    0.303694    0.151120   -0.032292    3.333203e-06    1.960449    5.126953e-09    0.214386
2217    10  140.550003     9   99.640785   93.808609  -13.309387    0.305160    0.148141   -0.032271    6.642193e-06    1.965332    5.126953e-09    0.214386
2218    10  142.550003     9  101.448082   94.678276  -13.501389    0.306298    0.145744   -0.032251    3.819354e-06    1.965332    5.126953e-09    0.214386
2219    10  144.550003     9  103.264389   95.532349  -13.693390    0.307728    0.142691   -0.032287    1.234561e-05    1.965332    5.126953e-09    0.214325
2220    10  146.649994     9  105.089943   96.370399  -13.885887    0.308764    0.140251   -0.032921    3.753230e-06    1.965332    5.126953e-09    0.214325
2221    10  148.649994     9  106.924484   97.192871  -14.079887    0.310143    0.137168   -0.032952    2.503395e-06    1.970215    5.126953e-09    0.214325
2222    10  150.649994     9  108.768044   97.999748  -14.273888    0.311206    0.134746   -0.032924    2.198853e-06    1.970215    5.615234e-09    0.214325
2223    10  152.649994     9  110.620842   98.790604  -14.467888    0.312518    0.131628   -0.032947    5.411915e-06    1.975098    5.615234e-09    0.214325
2224    10  154.750000     9  112.482643   99.565872  -14.661888    0.313595    0.129217   -0.032256    2.455898e-06    1.975098    5.615234e-09    0.214325
2225    10  156.750000     9  114.352951  100.326408  -14.855888    0.314867    0.126080   -0.032275    1.912005e-06    1.979980    5.615234e-09    0.214325
2226    10  158.750000     9  116.232758  101.070496  -15.049393    0.315870    0.123539   -0.032300    6.919727e-07    1.979980    5.615234e-09    0.214325
2227    10  160.850006     9  118.121796  101.798569  -15.242889    0.317043    0.120468   -0.032250    1.357589e-05    1.984863    5.615234e-09    0.214264
2228    10  162.850006     9  120.020355  102.510185  -15.436386    0.318002    0.117908   -0.032271    1.445413e-06    1.984863    6.103515e-09    0.214264
2229    10  164.850006     9  121.927910  103.206207  -15.629890    0.319151    0.114716   -0.032277    4.773028e-06    1.989746    6.103515e-09    0.214264
2230    10  166.949997     9  123.844452  103.886642  -15.824890    0.320341    0.111538   -0.031622    2.627261e-06    1.989746    6.103515e-09    0.214264
2231    10  168.949997     9  125.771255  104.549324  -16.015892    0.321499    0.108346   -0.030963    3.591180e-06    1.994629    6.103515e-09    0.214264
2232    10  171.050003     9  127.708061  105.194687  -16.202888    0.322326    0.105873   -0.030914    2.617948e-06    1.999512    6.103515e-09    0.214264
2233    10  173.050003     9  129.654099  105.824036  -16.390388    0.323098    0.103244   -0.031581    1.128670e-05    2.004395    6.103515e-09    0.214203
2234    10  175.149994     9  131.608704  106.437531  -16.579887    0.324114    0.100010   -0.031574    2.055429e-06    2.004395    6.103515e-09    0.214203
2235    10  177.250000     9  133.573517  107.034393  -16.769890    0.324949    0.097240   -0.031638    1.569279e-06    2.009277    6.591797e-09    0.214203
2236    10  179.250000     9  135.547806  107.614807  -16.961388    0.325893    0.093981   -0.031624    3.429130e-06    2.014160    6.591797e-09    0.214203
2237    10  181.350006     9  137.531357  108.179199  -17.153893    0.326643    0.091340   -0.031623    1.722015e-06    2.019043    6.591797e-09    0.214203
2238    10  183.449997     9  139.524658  108.726700  -17.346390    0.327540    0.088074   -0.031605    2.350658e-06    2.023926    6.591797e-09    0.214203
2239    10  185.550003     9  141.527710  109.257309  -17.538895    0.328242    0.085422   -0.031600    2.370216e-06    2.028809    6.591797e-09    0.214203
2240    10  187.550003     9  143.540512  109.771042  -17.732391    0.328923    0.082766   -0.031593    1.769513e-06    2.033691    6.591797e-09    0.214203
2241    10  189.649994     9  145.562820  110.268311  -17.926888    0.329772    0.079303   -0.031625    3.686175e-06    2.038574    7.080078e-09    0.214203
2242    10  191.750000     9  147.594864  110.748695  -18.121391    0.330388    0.076631   -0.031612    1.407228e-06    2.043457    7.080078e-09    0.214203
2243    10  193.850006     9  149.637665  111.210464  -18.316895    0.331137    0.073342   -0.031580    6.232411e-06    2.053223    7.080078e-09    0.214203
2244    10  196.050003     9  151.690475  111.654907  -18.512390    0.331757    0.070468   -0.031622    2.856366e-06    2.058105    7.080078e-09    0.214142
2245    10  198.149994     9  153.753525  112.081596  -18.708893    0.332444    0.067171   -0.031584    1.922250e-06    2.062988    7.080078e-09    0.214142
2245    10  200.250000     9  155.774506  112.481117  -18.901390    0.332997    0.064275   -0.031619    3.915280e-06    2.067871    7.080078e-09    0.214142
2301    10   60.349998     9   35.570488   47.418362   -5.673393    0.236755    0.243116   -0.032925    3.371388e-06    1.193848    2.197266e-09    0.214752
2301    10   61.450001     9   36.400284   48.266617   -5.787895    0.237793    0.242097   -0.032956    1.320615e-06    1.193848    2.197266e-09    0.214752
2301    10   62.650002     9   37.235958   49.112045   -5.902397    0.239286    0.240619   -0.032969    4.258007e-06    1.193848    2.197266e-09    0.214752
2302    10   65.250000     9   39.071209   50.939789   -6.151894    0.241678    0.238220   -0.032947    8.540228e-07    1.198730    2.197266e-09    0.214691
2302    10   66.449997     9   39.923519   51.775036   -6.266396    0.243194    0.236762   -0.032298    1.216307e-06    1.198730    2.197266e-09    0.214691
2302    10   67.750000     9   40.781712   52.607471   -6.380898    0.244200    0.235698   -0.032322    2.360903e-06    1.203613    2.197266e-09    0.214691
2303    10   70.349998     9   42.666321   54.406704   -6.629395    0.246979    0.232791   -0.032276    1.292676e-06    1.203613    2.685547e-09    0.214691
2303    10   71.550003     9   43.541584   55.228703   -6.743896    0.247982    0.231720   -0.032300    8.819625e-07    1.208496    2.685547e-09    0.214691
2303    10   72.750000     9   44.423157   56.047638   -6.858894    0.249414    0.230177   -0.032305    3.704801e-06    1.208496    2.685547e-09    0.214691
2304    10   75.349998     9   46.361031   57.816132   -7.109894    0.252251    0.227063   -0.032310    1.320615e-06    1.213379    2.685547e-09    0.214691
2304    10   76.550003     9   47.261223   58.624313   -7.225395    0.253088    0.226113   -0.032270    1.168810e-06    1.213379    2.685547e-09    0.214691
2304    10   77.849998     9   48.167477   59.428989   -7.341400    0.254065    0.225011   -0.032290    4.153699e-07    1.218262    2.685547e-09    0.214691
2305    10   80.449997     9   50.156624   61.167294   -7.595398    0.256790    0.221801   -0.032947    1.979060e-06    1.223145    2.685547e-09    0.214691
2305    10   81.650002     9   51.081066   61.961479   -7.712395    0.257751    0.220680   -0.032965    1.673587e-06    1.223145    3.173828e-09    0.214691
2305    10   82.949997     9   52.011143   62.752411   -7.830399    0.259116    0.219077   -0.032960    5.960464e-07    1.228027    3.173828e-09    0.214691
2306    10   85.550003     9   54.055286   64.458977   -8.086899    0.261802    0.215837   -0.032947    7.042661e-06    1.232910    3.173828e-09    0.214630
2306    10   86.849998     9   55.004845   65.238647   -8.205399    0.262741    0.214692   -0.032962    8.922070e-07    1.232910    3.173828e-09    0.214630
2306    10   88.050003     9   55.960899   66.014580   -8.324394    0.264067    0.213060   -0.032953    5.688518e-06    1.237793    3.173828e-09    0.214630
2307    10   90.750000     9   58.059170   67.689896   -8.582893    0.266342    0.210288   -0.032294    2.637506e-06    1.242676    3.173828e-09    0.214630
2307    10   92.050003     9   59.033409   68.455330   -8.701393    0.267258    0.209120   -0.032306    3.857538e-06    1.242676    3.173828e-09    0.214630
2307    10   93.250000     9   60.014141   69.217003   -8.820396    0.268549    0.207462   -0.032293    3.915280e-06    1.247559    3.173828e-09    0.214630
2308    10   95.949997     9   62.167835   70.860313   -9.079895    0.271097    0.204126   -0.032264    1.158565e-06    1.252441    3.662109e-09    0.214630
2308    10   97.250000     9   63.168488   71.610489   -9.199394    0.271975    0.202928   -0.032271    9.303913e-07    1.257324    3.662109e-09    0.214630
2308    10   98.550003     9   64.175201   72.357178   -9.318901    0.272860    0.201735   -0.032278    1.683831e-06    1.257324    3.662109e-09    0.214630
2309    10  101.650002     9   66.742805   74.223396   -9.622894    0.275791    0.197601   -0.032931    2.713874e-06    1.267090    3.662109e-09    0.214569
2309    10  102.949997     9   67.772469   74.956833   -9.745399    0.276654    0.196390   -0.032937    8.540228e-07    1.271973    3.662109e-09    0.214569
2309    10  104.250000     9   68.808632   75.686508   -9.868401    0.278017    0.194449   -0.032972    1.311302e-06    1.271973    3.662109e-09    0.214569
2310    10  107.449997     9   71.451149   77.509476  -10.179893    0.280541    0.190762   -0.032979    2.217479e-06    1.281738    3.662109e-09    0.214569
2310    10  108.750000     9   72.511551   78.225159  -10.303902    0.281712    0.189034   -0.032953    8.437783e-07    1.286621    4.150391e-09    0.214569
2310    10  110.050003     9   73.579079   78.936150  -10.427895    0.282870    0.187301   -0.032925    8.158386e-07    1.286621    4.150391e-09    0.214569
2311    10  113.349998     9   76.302994   80.712128  -10.742897    0.285469    0.183305   -0.032980    2.751127e-06    1.296387    4.150391e-09    0.214569
2311    10  114.650002     9   77.395882   81.409050  -10.867897    0.286590    0.181553   -0.032948    2.360903e-06    1.301270    4.150391e-09    0.214569
2311    10  115.949997     9   78.496124   82.101738  -10.993401    0.287438    0.180329   -0.032285    1.807697e-06    1.306152    4.150391e-09    0.214569
2312    10  119.250000     9   81.302757   83.829956  -11.309395    0.290240    0.175752   -0.032296    4.353933e-06    1.315918    4.150391e-09    0.214569
2312    10  119.949997     9   82.160164   84.347031  -11.405396    0.291008    0.174478   -0.032290   -6.817281e-07    0.690918    4.150391e-09    0.214569
2413     7  124.550003     9  -29.994772  118.450745   -3.098907    0.014843    0.309885   -0.007573    2.865680e-06    1.149902    4.638672e-09    0.157745
2413     7  125.750000     9  -29.936773  119.600746   -3.127403    0.016655    0.309793   -0.007571    4.410744e-06    1.149902    4.638672e-09    0.157745
2413     7  126.849998     9  -29.872770  120.750748   -3.155907    0.017898    0.309723   -0.007584    1.559034e-06    1.149902    4.638672e-09    0.157745
2414     7  131.750000     9  -29.561270  125.245750   -3.266403    0.024534    0.309255   -0.007572    1.740642e-06    1.955566    4.638672e-09    0.157745
2414     7  132.250000     9  -29.463774  126.426247   -3.295906    0.026383    0.309020   -0.007581   -3.576279e-07    0.412598    4.638672e-09    0.157440
2414     7  133.750000     9  -29.378769  127.401253   -3.320908    0.027580    0.308832   -0.008183   -6.249174e-07    1.545410    5.126953e-09    0.157440
2415     7  135.750000     9  -29.210274  129.195755   -3.367905    0.030581    0.308536   -0.008175    2.455898e-06    1.960449    5.126953e-09    0.157440
2416     7  137.750000     9  -29.003769  131.195755   -3.419395    0.033041    0.308282   -0.008184    4.430301e-06    1.960449    5.126953e-09    0.157440
2417     7  139.750000     9  -28.778275  133.195755   -3.471397    0.036033    0.307946   -0.008176    5.650334e-06    1.965332    5.126953e-09    0.157379
2418     7  141.850006     9  -28.533272  135.195755   -3.523895    0.039089    0.307560   -0.008181    2.751127e-06    1.965332    5.126953e-09    0.157379
2419     7  143.850006     9  -28.269274  137.195755   -3.575897    0.042065    0.307167   -0.008171    3.314577e-06    1.965332    5.126953e-09    0.157379
2420     7  145.850006     9  -27.984774  139.195755   -3.627899    0.045115    0.306720   -0.008175    2.503861e-05    1.970215    5.126953e-09    0.157318
2421     7  147.850006     9  -27.679277  141.195755   -3.680901    0.048754    0.306149   -0.008176    3.591180e-06    1.975098    5.615234e-09    0.157318
2422     7  149.949997     9  -27.352274  143.195755   -3.732399    0.051213    0.305763   -0.007576    1.817010e-06    1.975098    5.615234e-09    0.157318
2423     7  151.949997     9  -27.006779  145.195755   -3.782898    0.054255    0.305224   -0.007578    3.276393e-06    1.979980    5.615234e-09    0.157318
2424     7  153.949997     9  -26.641773  147.195755   -3.833900    0.057186    0.304688   -0.007564    1.149252e-06    1.984863    5.615234e-09    0.157318
2425     7  156.050003     9  -26.257275  149.195755   -3.885399    0.060216    0.304104   -0.007565    2.122484e-06    1.984863    5.615234e-09    0.157318
2426     7  158.050003     9  -25.852276  151.195755   -3.936394    0.062659    0.303610   -0.007568    2.503395e-06    1.989746    5.615234e-09    0.157318
2427     7  160.149994     9  -25.428776  153.195251   -3.986397    0.065676    0.302958   -0.007566    6.279908e-06    1.994629    5.615234e-09    0.157257
2428     7  162.149994     9  -24.985777  155.195251   -4.034897    0.068688    0.302290   -0.006960    1.311302e-06    1.999512    6.103515e-09    0.157257
2429     7  164.250000     9  -24.521780  157.195251   -4.082397    0.071828    0.301559   -0.006971    4.477799e-06    2.004395    6.103515e-09    0.157257
2430     7  166.250000     9  -24.035780  159.195251   -4.129898    0.074825    0.300815   -0.006968    1.912005e-06    2.009277    6.103515e-09    0.157257
2431     7  168.350006     9  -23.528280  161.195251   -4.177895    0.077815    0.300056   -0.006964    7.100403e-06    2.014160    6.103515e-09    0.157196
2432     7  170.449997     9  -22.999281  163.195251   -4.225395    0.080793    0.299268   -0.006960    1.731329e-06    2.019043    6.103515e-09    0.157196
2433     7  172.449997     9  -22.449280  165.195251   -4.272400    0.083914    0.298393   -0.006968    2.875924e-06    2.023926    6.103515e-09    0.157196
2434     7  174.550003     9  -21.877777  167.195251   -4.319901    0.086314    0.297708   -0.006966    2.226792e-06    2.028809    6.591797e-09    0.157196
2435     7  176.649994     9  -21.284782  169.195251   -4.366394    0.089263    0.296837   -0.006959    6.032176e-06    2.033691    6.591797e-09    0.157196
2436     7  178.750000     9  -20.671776  171.195251   -4.413895    0.092365    0.295872   -0.006965    8.263625e-06    2.038574    6.591797e-09    0.157196
2437     7  180.850006     9  -20.037279  173.195251   -4.462395    0.095289    0.294944   -0.006958    2.751127e-06    2.048340    6.591797e-09    0.157135
2438     7  182.949997     9  -19.381281  175.195251   -4.509895    0.097834    0.294109   -0.006967    2.703629e-06    2.053223    6.591797e-09    0.157135
2439     7  185.050003     9  -18.704279  177.195251   -4.556396    0.100730    0.293116   -0.006957    3.190711e-06    2.058105    6.591797e-09    0.157135
2440     7  187.250000     9  -18.005281  179.195251   -4.602394    0.103803    0.292041   -0.006961    1.396984e-06    2.067871    7.080078e-09    0.157135
2441     7  189.350006     9  -17.283281  181.196762   -4.648399    0.106867    0.290934   -0.006963    1.569279e-06    2.077637    7.080078e-09    0.157135
2442     7  191.449997     9  -16.537785  183.196762   -4.694901    0.109922    0.289794   -0.006965    2.446584e-06    2.087402    7.080078e-09    0.157135
2443     7  193.649994     9  -15.768780  185.196762   -4.741394    0.112965    0.288621   -0.006966    4.306436e-06    2.092285    7.080078e-09    0.157135
2444     7  195.750000     9  -14.975784  187.196762   -4.789398    0.115991    0.287404   -0.006966    1.396984e-06    2.102051    7.080078e-09    0.157135
2445     7  197.949997     9  -14.158284  189.196762   -4.837898    0.119009    0.286167   -0.006965    2.980232e-06    2.111816    7.080078e-09    0.157135
2445     7  200.050003     9  -13.336282  191.146759   -4.884895    0.122013    0.284899   -0.006964    3.180467e-06    2.121582    7.080078e-09    0.157135
2414    14    0.750000     3  -29.155272  126.528252   -3.235901    0.000471   -0.000797    0.000379   -2.608635e-06    0.720215    9.472533e-09   -0.556488
2414    14    1.050000     3  -29.292768  126.174255   -3.174408   -0.000993   -0.000115   -0.000012   -1.216307e-06    0.334473    9.960814e-09   -0.560272
2414    14    2.250000     3  -29.266768  126.408752   -3.179901   -0.000983   -0.000143    0.000119   -4.334375e-06    1.169434    9.960814e-09   -0.573822
2414    14    2.750000     3  -29.306768  126.117256   -3.159409   -0.000964    0.000038    0.000262   -1.902692e-06    0.505371    9.960814e-09   -0.579926
2414    14    3.950000     3  -29.279272  126.494247   -3.088905   -0.000994    0.000109   -0.000008   -4.554167e-06    1.193848    9.960814e-09   -0.594879
2414    14    4.350000     3  -29.218771  126.149254   -3.033401   -0.000997    0.000048   -0.000057   -1.578592e-06    0.407715    9.960814e-09   -0.600189
2414    14    5.450000     3  -29.206770  126.425247   -3.012405   -0.000997   -0.000079    0.000018   -4.353933e-06    1.110840    9.960814e-09   -0.615204
2414    14    6.050000     3  -29.253271  126.076752   -2.991905   -0.000994    0.000103    0.000030   -2.446584e-06    0.617676    9.960814e-09   -0.623810
2414    14    7.050000     3  -29.251272  126.454247   -3.083908   -0.000772    0.000180   -0.000610   -3.981404e-06    0.988770    9.960814e-09   -0.638336
2414    14    7.550000     3  -29.124273  126.153755   -3.355408    0.000007   -0.000220   -0.000976   -2.064742e-06    0.510254    9.960814e-09   -0.645966
2414    14    8.350000     3  -29.069769  126.447250   -3.790901    0.000111   -0.000487   -0.000866   -3.180467e-06    0.773926    9.960814e-09   -0.658112
2414    14    8.950000     3  -29.117773  126.086754   -4.041908   -0.000996   -0.000019   -0.000083   -2.589077e-06    0.617676    9.960814e-09   -0.668243
2414    14    9.850000     3  -29.108267  126.418747   -4.057404   -0.000636    0.000226   -0.000738   -3.742985e-06    0.876465    1.044910e-08   -0.683319
2414    14   10.450000     3  -29.099768  126.060753   -4.220406   -0.000480    0.000013   -0.000877   -2.741814e-06    0.627441    1.044910e-08   -0.694733
2414    14   10.950000     3  -29.294767  126.459251   -4.432907    0.000553    0.000625   -0.000550   -1.032017e-04    0.500488    1.044910e-08   -1.999969
